100
R0 576 164 75 151
R1 659 329 199 58
R2 71 395 76 201
R3 781 432 67 33
R4 834 481 37 26
R5 318 261 20 136
R6 98 300 203 179
R7 461 289 99 44
R8 582 99 187 38
R9 279 253 138 181
R10 706 472 145 53
R11 496 418 95 82
R12 696 64 156 19
R13 513 263 153 53
R14 288 496 171 107
R15 21 362 74 118
R16 793 442 47 41
R17 778 349 77 182
R18 39 286 122 162
R19 618 546 132 42
R20 161 345 181 84
R21 313 551 33 44
R22 6 512 81 36
R23 43 547 42 27
R24 125 237 19 121
R25 404 126 184 9
R26 666 473 190 61
R27 201 484 179 119
R28 4 88 51 32
R29 394 50 129 148
R30 782 224 24 33
R31 767 263 55 105
R32 136 369 92 45
R33 629 276 11 42
R34 530 261 134 133
R35 220 84 88 55
R36 145 169 202 20
R37 843 308 42 22
R38 443 258 37 6
R39 349 299 201 106
R40 384 585 30 6
R41 668 411 98 134
R42 143 567 125 13
R43 118 54 47 159
R44 541 120 110 84
R45 858 65 37 179
R46 174 44 164 72
R47 185 11 136 184
R48 433 201 184 157
R49 859 446 14 136
R50 866 458 17 34
R51 224 349 100 101
R52 155 562 34 21
R53 9 236 18 185
R54 673 161 97 147
R55 431 291 144 72
R56 210 509 188 87
R57 460 563 65 40
R58 726 146 95 175
R59 631 358 163 86
R60 268 482 91 23
R61 334 98 158 18
R62 351 109 87 10
R63 454 39 92 68
R64 255 314 14 19
R65 560 244 72 34
R66 408 139 42 10
R67 753 589 72 10
R68 411 533 20 70
R69 403 39 38 132
R70 461 277 27 194
R71 456 202 128 65
R72 833 267 57 167
R73 299 70 13 181
R74 687 386 192 111
R75 599 254 73 177
R76 60 534 179 35
R77 221 143 164 130
R78 634 132 32 118
R79 283 185 121 147
R80 519 149 160 48
R81 306 188 202 134
R82 515 106 10 11
R83 17 60 55 172
R84 640 49 186 194
R85 544 462 22 25
R86 699 158 139 43
R87 629 352 129 39
R88 110 18 14 90
R89 247 196 157 105
R90 573 247 115 153
R91 603 133 183 65
R92 370 106 133 75
R93 528 119 126 121
R94 387 407 144 57
R95 52 315 166 71
R96 657 336 132 146
R97 738 208 41 91
R98 216 254 56 134
R99 136 475 117 7
